71030400070002
71030400080001
71030400080002
71030400100000
71030400100001
71030400100002
71030400100004
71030400110000
71030400120002
71030400120004
71030400120005
71030400150000
71030400150003
71030400160000
71030400160001
71030400160002
71030400170000
71030400170001
71030400170002
71030400170003
71030400170004
71030500010000
71030500010001
71030500010002
71030500010003
71030500020000
71030500020001
71030500050000
71030500050003
71030500070003
71030500070005
71030500070006
71030500100001
71030500110000
71030500110001
71030500110001
71030500110002
71030500110003
71030500120000
71030500120001
71030500120002
71030500120003
71030500120004
71030500120005
71030500130001
71030500130002
71030500130003
71030500170001
71030500170002
71030500180001
71030500180002
71030500190001
71030500200000
71030600080001
71030600120000
71030600120003
71030600130000
71030600130001
71030600130002
71030600130003
71030600140002
71030600180000
71030600180001
71030600180002
71030600180003
71030600190000
71030600190001
71030600190002
71030620010000
71030620060000
71030620060003
71030700010000
71030700020000
71030700020001
71030700020002
71030700020004
71030700020005
71030700030000
71030700030001
71030700030002
71030700040000
71030700040002
71030700040003
71030700050000
71030700050001
71030700050002
71030700050003
71030700060000
71030700060001
71030700060002
71030700060003
71030700060004
71030700070000
71030700070001
71030700070004
71030700090000
71030700090001
71030700090003
71030700090004
71030700110000
71030700130000
71030700140000
71030700140001
71030700140002
71030700150001
71030700160000
71030700160001
71030700160002
71030700180000
71030700180001
71030700180003
71030800070001
71030800080000
71030800080002
71030800080003
71030800110000
71030800110003
71030800110004
71030800130001
71030800130002
71030800140002
71030800140003
71030900070000
71030900080003
71030900080004
71030900080005
71030900080006
71030900080007
71030900080009
71030900090000
71030900090004
71030900090006
71030900100000
71030900100002
71030900100003
71030900100004
71030900100006
71030900100008
71030900110000
71030900110001
71030900110002
71030900110003
71030900110005
71030900110006
71030900110007
71030900110008
71030900110009
71030900120000
71030900120001
71030900120002
71030900120003
71030900120005
71030900120006
71030900120007
71030900120008
71030900120009
71030900120010
71030900120011
71030900120012
71030900130000
71030900130002
71030900130003
71030900130004
71030900130005
71030900130006
71030900130007
71030900130008
71030900130009
71030900130010
71030900130011
71030900130012
71030900140000
71030900140002
71030900140004
71030900140005
71030900140006
71030900140007
71030910020000
71030910020001
71030910020002
71030910020003
71030910030000
71030910030002
71030910030004
71030910030009
71030910040004
71030910050002
71030910050004
71030910050005
71030910050011
71030910050012
71030910060003
71030910060004
71030910070002
71030910070003
71030910070005
71030910070007
71030910070008
71030910070009
71030910080001
71030910080002
71030910080003
71030910080006
71030910080007
71030910080009
71030920010002
71030920010003
71030920010005
71030920010006
71030920030001
71030920030002
71030920030006
71031000020000
71031000020001
71031000020002
71031000020003
71031000030003
71031000040000
71031000040001
71031000040002
71031000040003
71031000040004
71031000050000
71031000050003
71031000050004
71031000060000
71031000070000
71031000070001
71031000070002
71031000070003
71031000080000
71031000080001
71031000080002
71031000080003
71031000080004
71031000080005
71031000090000
71031000090001
71031000090002
71031000090003
71031000090004
71031000090005
71031000090006
71031000090007
71031000110000
71031000110001
71031000110002
71031000110003
71031000110004
71031000130000
71031000130001
71031000130002
71031000130003
71031000130004
71031000140000
71031000140001
71031000140002
71031000140004
71031000140005
71031000190001
71031000210000
71031000210001
71031000210003
71031000210004
71031000220000
71031000220002
71031000230000
71031000230001
71031000230002
71031000230003
71031000240003
71031000240004
71031000240007
71031000260000
71031000260001
71031000260002
71031000260003
71031000270001
71031000270002
71031000270003
71031010010000
71031010010001
71031010010005
71031010010006
71031010020000
71031010020001
71031010020004
71031010030000
71031010030002
71031010030003
71031010040000
71031010040002
71031010050000
71031010050001
71031010050003
71031020010000
71031020010001
71031020010002
71031020010003
71031020020000
71031020020002
71031020020003
71031020030000
71031020030001
71031020030002
